WG size of kernel_swap = 256, WG size of kernel_kmeans = 256 

I/O completed

Number of objects: 3000000
Number of features: 34
iterated 95 times

================= Centroid Coordinates =================
0: 85.12 139.59 127.46 128.12 192.82 127.45 127.07 127.15 127.17 127.52 127.85 127.63 127.34 127.58 127.30 126.99 127.58 127.71 127.92 127.27 127.32 127.73 127.54 127.33 127.59 127.62 127.69 127.12 84.91 139.66 127.48 170.29 132.80 127.64

1: 170.31 98.54 127.67 127.21 127.65 127.41 127.75 127.45 127.38 127.51 127.54 127.51 127.58 127.40 127.41 127.35 127.11 127.59 127.44 127.18 127.58 127.52 127.33 127.42 127.30 127.48 127.25 127.25 170.25 98.46 127.49 84.79 197.27 127.55

2: 170.37 170.42 127.54 127.45 127.59 127.59 127.69 127.57 127.42 127.52 127.54 127.56 127.35 127.38 127.52 127.43 127.43 127.59 127.56 127.61 127.52 127.47 127.49 127.45 127.56 127.61 127.67 127.52 170.13 170.16 127.37 84.72 84.80 127.56

3: 126.29 42.08 127.05 127.57 127.57 127.85 127.06 127.91 127.93 127.99 127.21 127.79 126.75 127.84 127.49 127.75 128.39 127.29 128.04 127.84 127.35 127.50 127.68 127.52 127.87 127.37 127.54 128.36 126.46 42.07 127.60 128.56 84.40 127.25

4: 84.67 139.32 127.49 126.81 62.18 127.55 128.12 127.63 127.47 127.36 127.60 127.20 127.78 127.44 127.89 128.14 127.31 127.46 127.26 127.61 127.82 127.25 127.31 127.83 127.60 127.58 127.24 127.59 84.97 139.41 127.55 169.90 133.60 127.45

Number of Iteration: 1

 Elapsed Time: 19.349000
