WG size of kernel_swap = 256, WG size of kernel_kmeans = 256 

I/O completed

Number of objects: 300000
Number of features: 34
iterated 87 times

================= Centroid Coordinates =================
0: 84.94 127.94 85.11 126.83 127.65 127.50 127.20 127.21 127.63 127.60 128.18 127.29 127.38 127.47 127.79 127.89 127.38 127.69 127.17 127.29 127.79 127.66 127.78 127.78 128.04 127.97 127.70 127.69 85.03 127.19 84.70 170.22 127.23 170.06

1: 170.39 127.74 168.98 128.61 126.65 127.81 128.54 127.91 128.24 127.88 128.18 129.22 128.57 126.90 128.64 127.58 127.10 125.50 126.98 126.91 128.59 126.98 126.07 127.16 126.17 127.21 127.37 63.33 170.98 126.91 170.94 85.62 125.84 84.17

2: 170.29 127.37 171.71 126.33 128.58 127.56 126.68 127.85 126.93 127.66 126.81 125.94 126.38 127.20 126.52 127.25 127.30 129.35 128.29 127.98 127.32 127.69 128.85 127.51 128.72 127.65 127.62 191.21 170.06 127.86 169.70 84.60 129.10 85.67

3: 84.49 127.25 170.09 127.66 127.47 127.29 127.47 127.17 127.87 127.58 127.51 127.27 127.16 127.49 127.65 127.98 127.09 127.52 127.57 127.65 127.36 127.10 127.50 127.35 127.42 127.32 127.39 127.38 84.79 127.09 170.15 169.53 127.11 84.49

4: 170.20 127.40 84.55 127.77 127.20 127.25 127.07 127.75 127.57 127.26 127.66 127.72 127.47 127.29 127.66 126.98 127.42 127.50 127.98 127.36 127.20 127.24 127.71 127.41 127.56 127.23 127.55 127.57 170.18 127.92 85.04 84.63 127.43 169.84

Number of Iteration: 1

 Elapsed Time: 1.746000
