WG size of kernel_swap = 256, WG size of kernel_kmeans = 256 

I/O completed

Number of objects: 1000000
Number of features: 34
iterated 171 times

================= Centroid Coordinates =================
0: 127.34 41.09 127.97 127.85 126.18 126.81 127.84 127.56 127.74 128.25 126.85 127.69 128.51 128.20 127.73 127.87 127.93 127.41 127.96 128.54 126.84 127.47 127.23 128.34 128.04 127.95 127.10 126.77 128.14 41.20 127.12 127.95 82.54 127.35

1: 85.09 98.69 127.28 127.44 127.81 127.54 127.56 127.36 127.20 127.57 127.60 127.55 127.08 127.22 127.36 127.24 127.25 127.64 127.88 127.27 127.61 127.32 127.62 127.23 127.27 127.55 127.42 127.60 84.56 98.30 127.49 169.90 197.24 127.34

2: 128.93 170.08 127.49 127.35 127.11 127.17 127.72 127.20 127.40 127.89 128.33 127.44 127.57 127.24 128.32 127.54 127.72 127.75 127.25 127.83 127.61 127.89 127.68 127.51 127.19 127.45 127.05 127.69 63.40 170.57 127.11 125.79 84.89 127.00

3: 170.02 98.48 127.30 127.08 127.86 127.80 127.13 127.55 127.67 127.14 127.72 127.68 127.34 127.42 127.50 127.41 127.53 127.44 127.61 127.41 127.57 127.35 127.61 127.14 127.54 127.35 127.46 127.32 170.13 98.47 127.59 84.39 197.19 127.24

4: 126.13 170.30 127.57 127.76 127.60 128.16 127.47 127.65 127.42 127.32 126.60 127.31 127.57 127.51 127.00 127.50 127.37 127.37 127.71 127.27 127.43 127.10 127.42 127.70 127.58 127.61 127.78 127.54 191.31 170.05 127.70 129.09 84.59 127.99

Number of Iteration: 1

 Elapsed Time: 9.099000
