WG size of kernel_swap = 256, WG size of kernel_kmeans = 256 

I/O completed

Number of objects: 10000000
Number of features: 34
iterated 133 times

================= Centroid Coordinates =================
0: 169.90 127.41 127.38 127.56 127.30 127.64 127.56 126.96 127.29 127.78 127.40 127.15 127.38 127.66 127.34 127.45 127.18 127.45 127.14 58.49 80.17 127.42 127.48 127.72 127.75 127.59 127.59 127.57 169.90 127.79 127.14 85.47 127.50 127.41

1: 84.91 127.35 127.61 127.56 127.39 63.29 127.35 127.67 127.56 127.59 127.53 127.57 127.41 127.46 127.45 127.55 127.53 127.58 127.39 127.54 127.95 127.60 127.56 127.40 127.53 127.44 127.47 127.64 84.89 127.57 127.56 170.28 127.58 127.58

2: 170.10 127.59 127.09 127.60 127.59 127.53 127.68 127.51 127.59 127.19 127.39 127.44 127.51 127.33 127.56 127.53 127.93 127.36 127.89 127.53 205.24 127.35 127.50 127.41 127.35 127.27 127.49 127.80 170.40 127.75 127.61 84.53 127.60 127.50

3: 169.84 127.59 127.99 127.46 127.39 127.54 127.42 127.88 127.67 127.62 127.64 127.71 127.64 127.54 127.65 127.53 127.35 127.60 127.40 196.54 80.16 127.89 127.66 127.38 127.42 127.66 127.39 127.20 169.71 126.78 127.83 85.18 127.55 127.49

4: 84.80 127.67 127.35 127.45 127.53 191.67 127.61 127.32 127.46 127.48 127.55 127.42 127.58 127.51 127.61 127.48 127.40 127.42 127.73 127.58 127.83 127.43 127.42 127.60 127.44 127.61 127.55 127.50 84.88 127.36 127.55 170.16 127.50 127.46

Number of Iteration: 1

 Elapsed Time: 76.272000
