WG size of kernel_swap = 256, WG size of kernel_kmeans = 256 

I/O completed

Number of objects: 100000
Number of features: 34
iterated 65 times

================= Centroid Coordinates =================
0: 85.24 127.70 85.30 127.04 127.90 127.57 127.26 126.94 127.89 127.84 128.04 127.77 127.55 127.40 127.57 127.60 127.35 128.28 127.25 126.82 127.84 127.03 128.28 127.37 128.12 128.27 126.75 127.46 84.61 127.73 85.11 170.09 127.30 170.67

1: 170.96 128.33 126.46 130.28 127.54 128.00 127.81 127.95 125.94 128.36 127.72 127.70 127.96 128.27 129.97 127.46 126.11 126.75 127.03 126.53 128.36 126.81 127.55 129.30 128.65 127.02 126.74 63.12 170.82 127.54 127.54 86.04 127.41 126.93

2: 85.52 130.07 168.13 128.06 126.10 128.76 126.56 126.13 128.24 129.11 127.64 124.22 127.34 128.04 128.17 128.68 126.42 126.34 128.12 124.58 124.96 127.63 128.04 128.53 128.84 127.89 123.92 191.27 83.76 126.67 172.76 169.53 126.49 85.14

3: 83.63 124.80 170.58 126.53 127.78 124.84 128.16 126.68 128.39 127.19 127.26 130.51 126.72 127.18 128.39 127.10 127.47 129.04 128.33 132.23 130.83 126.54 126.65 127.07 126.01 126.12 130.76 64.12 85.38 127.85 168.93 169.26 127.07 83.76

4: 170.11 126.81 128.83 125.67 127.47 127.16 126.61 127.89 128.77 127.01 126.70 128.16 126.91 125.83 125.70 127.18 128.43 126.94 128.34 128.50 126.71 127.30 126.94 125.86 127.03 126.95 128.68 191.12 169.83 127.90 127.73 84.19 127.27 127.47

Number of Iteration: 1

 Elapsed Time: 0.728000
